4343
4444
4545
4646
4747
4848
4949
5050
5151
5252
5353
5454
5555
5656
5757
5858
5959
6060
6161
6262
6363
6464
6565
6666
6767
6868
4444344443
4444444444
4444544445
100100
101101
102102
103103
104104
1010
1111
1212
66
77
88
99
984984
985985
986986
987987
988988
989989
990990
991991
992992
993993
994994
995995
996996
997997
998998
999999
11
39363936
39373937
39383938
39393939
39403940
39413941
39423942
39433943
39443944
39453945
9393
9494
9595
9696
9797
9898
9999
2020
2121
2222
2323
2424
2525
2626
2727
